TREASURY_ID=0.0.3975252
TREASURY_PVKEY=302e020100300506032b657004220420a8ae795cb97212f596ffc600d0054c6d7d37e68e5d3e016a7b7f0aef6848

FEE_ONE_ID=0.0.3979867
FEE_ONE_PVKEY=302e020100300506032b6570042204204dd402f0b845c395858623d0c31b40e6c6725dc5e38651d9df55ac871dfa

FEE_TWO_ID=0.0.3975239
FEE_TWO_PVKEY=302e020100300506032b65700422042053da104d939f61d9a30eef5c7b1b0d18ad8fb15c5b9da115048005d5a84b6

REFUND_PERCENTAGE=2
